"","from","to"
"1","1riHqX633Kup3mJAw8WR8p","5rX1EodZfwxmW4fQX2Caot"
"2","1riHqX633Kup3mJAw8WR8p","5fsDcuclIe8ZiBD5P787K1"
"3","1riHqX633Kup3mJAw8WR8p","2SNzxY1OsSCHBLVi77mpPQ"
"4","1riHqX633Kup3mJAw8WR8p","3d2hJTVTwo08F9b0ZFQukJ"
"5","1riHqX633Kup3mJAw8WR8p","76EaAz0oJVx8IbnUbDOPmD"
"6","1riHqX633Kup3mJAw8WR8p","5Ws3s6lSP4Un8kQf8CrAta"
"7","1riHqX633Kup3mJAw8WR8p","12LgviUQ9DbfYJJ9niDWRq"
"8","1riHqX633Kup3mJAw8WR8p","2ODUxmFxJSyvGiimNhMHbO"
"9","1riHqX633Kup3mJAw8WR8p","5zoKOcTDI9EMOhGNaxL708"
"10","1riHqX633Kup3mJAw8WR8p","6eMlKSBFAoXVJLoeHmwKEj"
"11","1riHqX633Kup3mJAw8WR8p","2gCsNOpiBaMNh20jQ5prf0"
"12","1riHqX633Kup3mJAw8WR8p","2mwN5WQ1mAhOibFEbfFfsG"
"13","1riHqX633Kup3mJAw8WR8p","6zmLTiN3NBNCDECRbbJKkT"
"14","1riHqX633Kup3mJAw8WR8p","4BMv5TsBZ1EJ4uynEp2vI0"
"15","1riHqX633Kup3mJAw8WR8p","6ioaRkg9SnP8mC2NP7Z2rB"
"16","1riHqX633Kup3mJAw8WR8p","7Chzu4eSaqDHFXFvjaycAV"
"17","1riHqX633Kup3mJAw8WR8p","3ODYbknLzVe3cWQzVfbzGB"
"18","1riHqX633Kup3mJAw8WR8p","4kZgzUZbpe4CmnehxflUNE"
"19","1riHqX633Kup3mJAw8WR8p","0MAvx5yzdhylg2ztJC3MD3"
"20","1riHqX633Kup3mJAw8WR8p","73iWh9WUMf0xK6cRkNJK4h"
"21","2aV2zINHEpRvHLmXl8AaRO","2b5hTGWhfcA88PyeZAJ3Ma"
"22","2aV2zINHEpRvHLmXl8AaRO","09ZFZmc7XNCwnDYB3R48qr"
"23","2aV2zINHEpRvHLmXl8AaRO","5Npr4HpRE8YlsisRjN9T8h"
"24","2aV2zINHEpRvHLmXl8AaRO","4S2kddUZy77NYpLH50f3qC"
"25","2aV2zINHEpRvHLmXl8AaRO","1sfTHUBg3CWHk2cU3Mle9S"
"26","2aV2zINHEpRvHLmXl8AaRO","6JhsZANOSVD2dnJt1ZHr3z"
"27","2aV2zINHEpRvHLmXl8AaRO","0aBEiafPqEJ3o0yp6gFsHg"
"28","2aV2zINHEpRvHLmXl8AaRO","2RQuyY0nQqKOtzhBhghSGu"
"29","2aV2zINHEpRvHLmXl8AaRO","2X84rq2QtQimpEoY6Ms7JE"
"30","2aV2zINHEpRvHLmXl8AaRO","0QnRd6i7Da4louZggkoFrg"
"31","2aV2zINHEpRvHLmXl8AaRO","6CKsSefAf4rhCQnrEmygFX"
"32","2aV2zINHEpRvHLmXl8AaRO","6ioaRkg9SnP8mC2NP7Z2rB"
"33","2aV2zINHEpRvHLmXl8AaRO","7vjDp4O4hkJGI6VRV5zUWS"
"34","2aV2zINHEpRvHLmXl8AaRO","76NkugbfY4BcWwrdxsahhm"
"35","2aV2zINHEpRvHLmXl8AaRO","0oLmGtqMpKAAVNJyJ71AcI"
"36","2aV2zINHEpRvHLmXl8AaRO","7sWyOeXUrP1kjwTgdJVmfZ"
"37","2aV2zINHEpRvHLmXl8AaRO","5HsS48kuvghKcNpwOaAvB5"
"38","2aV2zINHEpRvHLmXl8AaRO","4IPDnwurwc0J2tXUty2hO4"
"39","2aV2zINHEpRvHLmXl8AaRO","3x8RBu8okCCBLi5vnY4UyV"
"40","2aV2zINHEpRvHLmXl8AaRO","3FmTlY1F9dQyRursrsUaU7"
"41","07EehdMUB50Q7OqmN0y3Kl","2Ab7UrKPK8dQE6gbkuqNcx"
"42","07EehdMUB50Q7OqmN0y3Kl","4Q4I3c5ixM1EqJ9svcleRD"
"43","07EehdMUB50Q7OqmN0y3Kl","2qU3mFvQ09H9rzM19EFCpL"
"44","07EehdMUB50Q7OqmN0y3Kl","3MQuQtVNJG9SchM1l2CTm3"
"45","07EehdMUB50Q7OqmN0y3Kl","3M7XE8fhxddDJWWhchEXud"
"46","07EehdMUB50Q7OqmN0y3Kl","5j7w4WxKmI27wsfpQLL64G"
"47","07EehdMUB50Q7OqmN0y3Kl","7zIC1Z2OQEUECNCyeOjtEM"
"48","07EehdMUB50Q7OqmN0y3Kl","4SXsNXgRundFdewI58vbZT"
"49","07EehdMUB50Q7OqmN0y3Kl","0i4vrfrOlSARFs2tWhJnvM"
"50","07EehdMUB50Q7OqmN0y3Kl","0Q6tMUatndpU8U0ZpFkfqO"
"51","07EehdMUB50Q7OqmN0y3Kl","4yiPHMcw2R2SKfIsMuatfB"
"52","07EehdMUB50Q7OqmN0y3Kl","2vX8hKHgReZ15YguZe3Zxj"
"53","07EehdMUB50Q7OqmN0y3Kl","1Nszrfn8SpD5v19xCpaVbk"
"54","07EehdMUB50Q7OqmN0y3Kl","1bXBowm4QU6givNZsMzBjw"
"55","07EehdMUB50Q7OqmN0y3Kl","3FmTlY1F9dQyRursrsUaU7"
"56","07EehdMUB50Q7OqmN0y3Kl","2n2cbyAlwePjDbsopr2VTu"
"57","07EehdMUB50Q7OqmN0y3Kl","2X84rq2QtQimpEoY6Ms7JE"
"58","07EehdMUB50Q7OqmN0y3Kl","4kJMG0aB4UYiKfHA9esWDt"
"59","07EehdMUB50Q7OqmN0y3Kl","6vcUagbhY6zVVU71BnnURP"
"60","07EehdMUB50Q7OqmN0y3Kl","2RQuyY0nQqKOtzhBhghSGu"
"61","5IXO0yGQMScYQMsWg6L8YG","0lNIFxEW7HGHmQ9dAA5Onf"
"62","5IXO0yGQMScYQMsWg6L8YG","7sWyOeXUrP1kjwTgdJVmfZ"
"63","5IXO0yGQMScYQMsWg6L8YG","0QnRd6i7Da4louZggkoFrg"
"64","5IXO0yGQMScYQMsWg6L8YG","6JhsZANOSVD2dnJt1ZHr3z"
"65","5IXO0yGQMScYQMsWg6L8YG","2aV2zINHEpRvHLmXl8AaRO"
"66","5IXO0yGQMScYQMsWg6L8YG","6nYo7m5cO64bANRvilwVBb"
"67","5IXO0yGQMScYQMsWg6L8YG","2RQuyY0nQqKOtzhBhghSGu"
"68","5IXO0yGQMScYQMsWg6L8YG","3afwdwY97SMtIdnUsPTpQT"
"69","5IXO0yGQMScYQMsWg6L8YG","5B36EEnGIbV6st4Vf5qEUy"
"70","5IXO0yGQMScYQMsWg6L8YG","4S2kddUZy77NYpLH50f3qC"
"71","5IXO0yGQMScYQMsWg6L8YG","1UYl4IAV2NBJdJDiL3TRtK"
"72","5IXO0yGQMScYQMsWg6L8YG","71fTmrdHxlXrVkYHhPTcqy"
"73","5IXO0yGQMScYQMsWg6L8YG","1sfTHUBg3CWHk2cU3Mle9S"
"74","5IXO0yGQMScYQMsWg6L8YG","5Npr4HpRE8YlsisRjN9T8h"
"75","5IXO0yGQMScYQMsWg6L8YG","2b5hTGWhfcA88PyeZAJ3Ma"
"76","5IXO0yGQMScYQMsWg6L8YG","6CKsSefAf4rhCQnrEmygFX"
"77","5IXO0yGQMScYQMsWg6L8YG","4DmwbBRm8wbWYE2Z8piOuY"
"78","5IXO0yGQMScYQMsWg6L8YG","3x8RBu8okCCBLi5vnY4UyV"
"79","5IXO0yGQMScYQMsWg6L8YG","0oLmGtqMpKAAVNJyJ71AcI"
"80","5IXO0yGQMScYQMsWg6L8YG","1uFfQvCccYkXyXlOoQdaKy"
"81","6JhsZANOSVD2dnJt1ZHr3z","2RQuyY0nQqKOtzhBhghSGu"
"82","6JhsZANOSVD2dnJt1ZHr3z","3x8RBu8okCCBLi5vnY4UyV"
"83","6JhsZANOSVD2dnJt1ZHr3z","1sfTHUBg3CWHk2cU3Mle9S"
"84","6JhsZANOSVD2dnJt1ZHr3z","09ZFZmc7XNCwnDYB3R48qr"
"85","6JhsZANOSVD2dnJt1ZHr3z","0aBEiafPqEJ3o0yp6gFsHg"
"86","6JhsZANOSVD2dnJt1ZHr3z","6ioaRkg9SnP8mC2NP7Z2rB"
"87","6JhsZANOSVD2dnJt1ZHr3z","0oLmGtqMpKAAVNJyJ71AcI"
"88","6JhsZANOSVD2dnJt1ZHr3z","2b5hTGWhfcA88PyeZAJ3Ma"
"89","6JhsZANOSVD2dnJt1ZHr3z","1YYXyn4etM5oe9RnJe3Mvg"
"90","6JhsZANOSVD2dnJt1ZHr3z","76NkugbfY4BcWwrdxsahhm"
"91","6JhsZANOSVD2dnJt1ZHr3z","7hueZY91Csxv57p4KnPVcU"
"92","6JhsZANOSVD2dnJt1ZHr3z","2sn2g4lNGlsAoJm15MOM7x"
"93","6JhsZANOSVD2dnJt1ZHr3z","3C0ppkCJLxigPlyVEzRghR"
"94","6JhsZANOSVD2dnJt1ZHr3z","4IPDnwurwc0J2tXUty2hO4"
"95","6JhsZANOSVD2dnJt1ZHr3z","5Y6wPwVr2krTASRASpMLsC"
"96","6JhsZANOSVD2dnJt1ZHr3z","5kPUAJihniO5WfEfbOCjLf"
"97","6JhsZANOSVD2dnJt1ZHr3z","12LgviUQ9DbfYJJ9niDWRq"
"98","6JhsZANOSVD2dnJt1ZHr3z","5Npr4HpRE8YlsisRjN9T8h"
"99","6JhsZANOSVD2dnJt1ZHr3z","4S2kddUZy77NYpLH50f3qC"
"100","6JhsZANOSVD2dnJt1ZHr3z","3FmTlY1F9dQyRursrsUaU7"
"101","6CKsSefAf4rhCQnrEmygFX","5Npr4HpRE8YlsisRjN9T8h"
"102","6CKsSefAf4rhCQnrEmygFX","6JhsZANOSVD2dnJt1ZHr3z"
"103","6CKsSefAf4rhCQnrEmygFX","4DmwbBRm8wbWYE2Z8piOuY"
"104","6CKsSefAf4rhCQnrEmygFX","7by60V2ChbeiVhwXK5Jk6l"
"105","6CKsSefAf4rhCQnrEmygFX","188NDdo9KC4Y9CrBJdxRyk"
"106","6CKsSefAf4rhCQnrEmygFX","3x8RBu8okCCBLi5vnY4UyV"
"107","6CKsSefAf4rhCQnrEmygFX","4kZgzUZbpe4CmnehxflUNE"
"108","6CKsSefAf4rhCQnrEmygFX","6ioaRkg9SnP8mC2NP7Z2rB"
"109","6CKsSefAf4rhCQnrEmygFX","1sfTHUBg3CWHk2cU3Mle9S"
"110","6CKsSefAf4rhCQnrEmygFX","2RQuyY0nQqKOtzhBhghSGu"
"111","6CKsSefAf4rhCQnrEmygFX","1riHqX633Kup3mJAw8WR8p"
"112","6CKsSefAf4rhCQnrEmygFX","6nYo7m5cO64bANRvilwVBb"
"113","6CKsSefAf4rhCQnrEmygFX","4S2kddUZy77NYpLH50f3qC"
"114","6CKsSefAf4rhCQnrEmygFX","0aBEiafPqEJ3o0yp6gFsHg"
"115","6CKsSefAf4rhCQnrEmygFX","09ZFZmc7XNCwnDYB3R48qr"
"116","6CKsSefAf4rhCQnrEmygFX","2b5hTGWhfcA88PyeZAJ3Ma"
"117","6CKsSefAf4rhCQnrEmygFX","0ks4E3VJXDIRABtxz2IiBE"
"118","6CKsSefAf4rhCQnrEmygFX","0YEyuuhfdNXnTJh1uFhl3p"
"119","6CKsSefAf4rhCQnrEmygFX","41pVrfBHX3NMYeT0zaWzju"
"120","6CKsSefAf4rhCQnrEmygFX","2aV2zINHEpRvHLmXl8AaRO"
"121","6nYo7m5cO64bANRvilwVBb","1Yt0NXI2k1f0y884jJduBj"
"122","6nYo7m5cO64bANRvilwVBb","19sJfp2FK2evlsw46WVhPG"
"123","6nYo7m5cO64bANRvilwVBb","2yzxX2DI9LFK8VFTyW2zZ8"
"124","6nYo7m5cO64bANRvilwVBb","32Jb1X3wSmmoHj2epZReZA"
"125","6nYo7m5cO64bANRvilwVBb","2SNzxY1OsSCHBLVi77mpPQ"
"126","6nYo7m5cO64bANRvilwVBb","0GXvIHZC6fUFoclPbf7Lbm"
"127","6nYo7m5cO64bANRvilwVBb","7hDSpyE3c2yq9LUeJuY8xC"
"128","6nYo7m5cO64bANRvilwVBb","416gMRzj1LnFJvSBF5PO2R"
"129","6nYo7m5cO64bANRvilwVBb","6fb78HXq6cKqNjjwZP9dax"
"130","6nYo7m5cO64bANRvilwVBb","7by60V2ChbeiVhwXK5Jk6l"
"131","6nYo7m5cO64bANRvilwVBb","4FzTsw9P3m2xDkwtiSiBMB"
"132","6nYo7m5cO64bANRvilwVBb","7vLNQciZsWdkYFCqY2osFM"
"133","6nYo7m5cO64bANRvilwVBb","4CxobvwTpmfpIEbkYh4pAb"
"134","6nYo7m5cO64bANRvilwVBb","4t9bqcZJUC9cAjgRRNVm6u"
"135","6nYo7m5cO64bANRvilwVBb","2plmfvGgldxCpZF0vLt3o4"
"136","6nYo7m5cO64bANRvilwVBb","0AD4odMWVQ2wUSlgxOB5Rl"
"137","6nYo7m5cO64bANRvilwVBb","4ZMaiDLfxDaoG7ULXgcnDb"
"138","6nYo7m5cO64bANRvilwVBb","3konlNIREmuxZRIFKSPKmK"
"139","6nYo7m5cO64bANRvilwVBb","5Y6wPwVr2krTASRASpMLsC"
"140","6nYo7m5cO64bANRvilwVBb","1KGFAcP7ovMYuoQuloDhOj"
"141","0oLmGtqMpKAAVNJyJ71AcI","6ioaRkg9SnP8mC2NP7Z2rB"
"142","0oLmGtqMpKAAVNJyJ71AcI","1YYXyn4etM5oe9RnJe3Mvg"
"143","0oLmGtqMpKAAVNJyJ71AcI","3x8RBu8okCCBLi5vnY4UyV"
"144","0oLmGtqMpKAAVNJyJ71AcI","5kPUAJihniO5WfEfbOCjLf"
"145","0oLmGtqMpKAAVNJyJ71AcI","3qcmjQYtotraA2JrvN8165"
"146","0oLmGtqMpKAAVNJyJ71AcI","2RQuyY0nQqKOtzhBhghSGu"
"147","0oLmGtqMpKAAVNJyJ71AcI","7hueZY91Csxv57p4KnPVcU"
"148","0oLmGtqMpKAAVNJyJ71AcI","09ZFZmc7XNCwnDYB3R48qr"
"149","0oLmGtqMpKAAVNJyJ71AcI","12LgviUQ9DbfYJJ9niDWRq"
"150","0oLmGtqMpKAAVNJyJ71AcI","76EaAz0oJVx8IbnUbDOPmD"
"151","0oLmGtqMpKAAVNJyJ71AcI","6JhsZANOSVD2dnJt1ZHr3z"
"152","0oLmGtqMpKAAVNJyJ71AcI","2sn2g4lNGlsAoJm15MOM7x"
"153","0oLmGtqMpKAAVNJyJ71AcI","3FmTlY1F9dQyRursrsUaU7"
"154","0oLmGtqMpKAAVNJyJ71AcI","2X84rq2QtQimpEoY6Ms7JE"
"155","0oLmGtqMpKAAVNJyJ71AcI","2b5hTGWhfcA88PyeZAJ3Ma"
"156","0oLmGtqMpKAAVNJyJ71AcI","0aBEiafPqEJ3o0yp6gFsHg"
"157","0oLmGtqMpKAAVNJyJ71AcI","56LMX8mqaIhJCaxjZBM1on"
"158","0oLmGtqMpKAAVNJyJ71AcI","5nU57S2m2i7gWujCtGKmAb"
"159","0oLmGtqMpKAAVNJyJ71AcI","1sfTHUBg3CWHk2cU3Mle9S"
"160","0oLmGtqMpKAAVNJyJ71AcI","4IPDnwurwc0J2tXUty2hO4"
"161","4S2kddUZy77NYpLH50f3qC","2b5hTGWhfcA88PyeZAJ3Ma"
"162","4S2kddUZy77NYpLH50f3qC","0aBEiafPqEJ3o0yp6gFsHg"
"163","4S2kddUZy77NYpLH50f3qC","09ZFZmc7XNCwnDYB3R48qr"
"164","4S2kddUZy77NYpLH50f3qC","1sfTHUBg3CWHk2cU3Mle9S"
"165","4S2kddUZy77NYpLH50f3qC","2RQuyY0nQqKOtzhBhghSGu"
"166","4S2kddUZy77NYpLH50f3qC","2aV2zINHEpRvHLmXl8AaRO"
"167","4S2kddUZy77NYpLH50f3qC","7vjDp4O4hkJGI6VRV5zUWS"
"168","4S2kddUZy77NYpLH50f3qC","3x8RBu8okCCBLi5vnY4UyV"
"169","4S2kddUZy77NYpLH50f3qC","6JhsZANOSVD2dnJt1ZHr3z"
"170","4S2kddUZy77NYpLH50f3qC","2X84rq2QtQimpEoY6Ms7JE"
"171","4S2kddUZy77NYpLH50f3qC","5Npr4HpRE8YlsisRjN9T8h"
"172","4S2kddUZy77NYpLH50f3qC","7hueZY91Csxv57p4KnPVcU"
"173","4S2kddUZy77NYpLH50f3qC","0QnRd6i7Da4louZggkoFrg"
"174","4S2kddUZy77NYpLH50f3qC","6ioaRkg9SnP8mC2NP7Z2rB"
"175","4S2kddUZy77NYpLH50f3qC","4SXsNXgRundFdewI58vbZT"
"176","4S2kddUZy77NYpLH50f3qC","3FiUNtCHhoJlwnbFIfj1rS"
"177","4S2kddUZy77NYpLH50f3qC","1bXBowm4QU6givNZsMzBjw"
"178","4S2kddUZy77NYpLH50f3qC","1YYXyn4etM5oe9RnJe3Mvg"
"179","4S2kddUZy77NYpLH50f3qC","5HsS48kuvghKcNpwOaAvB5"
"180","4S2kddUZy77NYpLH50f3qC","0oLmGtqMpKAAVNJyJ71AcI"
"181","5kPUAJihniO5WfEfbOCjLf","3FmTlY1F9dQyRursrsUaU7"
"182","5kPUAJihniO5WfEfbOCjLf","3qcmjQYtotraA2JrvN8165"
"183","5kPUAJihniO5WfEfbOCjLf","2sn2g4lNGlsAoJm15MOM7x"
"184","5kPUAJihniO5WfEfbOCjLf","76EaAz0oJVx8IbnUbDOPmD"
"185","5kPUAJihniO5WfEfbOCjLf","0oLmGtqMpKAAVNJyJ71AcI"
"186","5kPUAJihniO5WfEfbOCjLf","7hueZY91Csxv57p4KnPVcU"
"187","5kPUAJihniO5WfEfbOCjLf","12LgviUQ9DbfYJJ9niDWRq"
"188","5kPUAJihniO5WfEfbOCjLf","1YYXyn4etM5oe9RnJe3Mvg"
"189","5kPUAJihniO5WfEfbOCjLf","6ioaRkg9SnP8mC2NP7Z2rB"
"190","5kPUAJihniO5WfEfbOCjLf","5nU57S2m2i7gWujCtGKmAb"
"191","5kPUAJihniO5WfEfbOCjLf","56LMX8mqaIhJCaxjZBM1on"
"192","5kPUAJihniO5WfEfbOCjLf","3x8RBu8okCCBLi5vnY4UyV"
"193","5kPUAJihniO5WfEfbOCjLf","5htlZbzVnY0aauREhjwLrZ"
"194","5kPUAJihniO5WfEfbOCjLf","7C1CFA2GWGFc51SrvX5Bvy"
"195","5kPUAJihniO5WfEfbOCjLf","7Dk3koHTPpEymzuWOWzzny"
"196","5kPUAJihniO5WfEfbOCjLf","4IPDnwurwc0J2tXUty2hO4"
"197","5kPUAJihniO5WfEfbOCjLf","70svT4F0xhbyQ5lQx6UE4b"
"198","5kPUAJihniO5WfEfbOCjLf","4CNjyWtO59j6Ih6S0n73ee"
"199","5kPUAJihniO5WfEfbOCjLf","0aBEiafPqEJ3o0yp6gFsHg"
"200","5kPUAJihniO5WfEfbOCjLf","2X84rq2QtQimpEoY6Ms7JE"
"201","3afwdwY97SMtIdnUsPTpQT","00CEG7nPO88zFNuFL2Rz1L"
"202","3afwdwY97SMtIdnUsPTpQT","3HZGp40qZu7sjn5KswiU3Q"
"203","3afwdwY97SMtIdnUsPTpQT","0n6R1WkjWzYq9NblwRLaBQ"
"204","3afwdwY97SMtIdnUsPTpQT","0lNIFxEW7HGHmQ9dAA5Onf"
"205","3afwdwY97SMtIdnUsPTpQT","3a0PXBlZ6eGMiLd3Z6cZBC"
"206","3afwdwY97SMtIdnUsPTpQT","5pDf5dLnFMIv6rR5sm3DLK"
"207","3afwdwY97SMtIdnUsPTpQT","0AIMzdNf3UXVJVA0GAjVnb"
"208","3afwdwY97SMtIdnUsPTpQT","1c8Oi7jBZp09wJap1wn2Cd"
"209","3afwdwY97SMtIdnUsPTpQT","3btloSh9XNNgniuk85Z6x0"
"210","3afwdwY97SMtIdnUsPTpQT","6LvO4vaTTJhCAdpITMpDvC"
"211","3afwdwY97SMtIdnUsPTpQT","4RAQZfFgR7NPAWjKwUpEeC"
"212","3afwdwY97SMtIdnUsPTpQT","5IXO0yGQMScYQMsWg6L8YG"
"213","3afwdwY97SMtIdnUsPTpQT","7lis4nJqfPm4jTXZdfAJDy"
"214","3afwdwY97SMtIdnUsPTpQT","1bvLB1mEiEmF5rdmUw5OqV"
"215","3afwdwY97SMtIdnUsPTpQT","0JCxGVxsISZzJHJPUOtceB"
"216","3afwdwY97SMtIdnUsPTpQT","5o5xukNIR9e7FnMEcp0bE9"
"217","3afwdwY97SMtIdnUsPTpQT","6tQIsqw6DrDfdoPwOrOD6k"
"218","3afwdwY97SMtIdnUsPTpQT","3kl3akpVRNZiwNn3L9Hllk"
"219","3afwdwY97SMtIdnUsPTpQT","7CUCwWLMLph3TvrTH0PSHn"
"220","3afwdwY97SMtIdnUsPTpQT","6mWEaOFdcN3s30GuFWruGO"
"221","5Npr4HpRE8YlsisRjN9T8h","2RQuyY0nQqKOtzhBhghSGu"
"222","5Npr4HpRE8YlsisRjN9T8h","3x8RBu8okCCBLi5vnY4UyV"
"223","5Npr4HpRE8YlsisRjN9T8h","2aV2zINHEpRvHLmXl8AaRO"
"224","5Npr4HpRE8YlsisRjN9T8h","6ioaRkg9SnP8mC2NP7Z2rB"
"225","5Npr4HpRE8YlsisRjN9T8h","1sfTHUBg3CWHk2cU3Mle9S"
"226","5Npr4HpRE8YlsisRjN9T8h","2b5hTGWhfcA88PyeZAJ3Ma"
"227","5Npr4HpRE8YlsisRjN9T8h","76NkugbfY4BcWwrdxsahhm"
"228","5Npr4HpRE8YlsisRjN9T8h","09ZFZmc7XNCwnDYB3R48qr"
"229","5Npr4HpRE8YlsisRjN9T8h","6JhsZANOSVD2dnJt1ZHr3z"
"230","5Npr4HpRE8YlsisRjN9T8h","7hueZY91Csxv57p4KnPVcU"
"231","5Npr4HpRE8YlsisRjN9T8h","4S2kddUZy77NYpLH50f3qC"
"232","5Npr4HpRE8YlsisRjN9T8h","6CKsSefAf4rhCQnrEmygFX"
"233","5Npr4HpRE8YlsisRjN9T8h","3FmTlY1F9dQyRursrsUaU7"
"234","5Npr4HpRE8YlsisRjN9T8h","0aBEiafPqEJ3o0yp6gFsHg"
"235","5Npr4HpRE8YlsisRjN9T8h","0oLmGtqMpKAAVNJyJ71AcI"
"236","5Npr4HpRE8YlsisRjN9T8h","7sWyOeXUrP1kjwTgdJVmfZ"
"237","5Npr4HpRE8YlsisRjN9T8h","2X84rq2QtQimpEoY6Ms7JE"
"238","5Npr4HpRE8YlsisRjN9T8h","4DmwbBRm8wbWYE2Z8piOuY"
"239","5Npr4HpRE8YlsisRjN9T8h","5Y6wPwVr2krTASRASpMLsC"
"240","5Npr4HpRE8YlsisRjN9T8h","12LgviUQ9DbfYJJ9niDWRq"
"241","2RQuyY0nQqKOtzhBhghSGu","09ZFZmc7XNCwnDYB3R48qr"
"242","2RQuyY0nQqKOtzhBhghSGu","3x8RBu8okCCBLi5vnY4UyV"
"243","2RQuyY0nQqKOtzhBhghSGu","6JhsZANOSVD2dnJt1ZHr3z"
"244","2RQuyY0nQqKOtzhBhghSGu","0i4vrfrOlSARFs2tWhJnvM"
"245","2RQuyY0nQqKOtzhBhghSGu","7hueZY91Csxv57p4KnPVcU"
"246","2RQuyY0nQqKOtzhBhghSGu","0oLmGtqMpKAAVNJyJ71AcI"
"247","2RQuyY0nQqKOtzhBhghSGu","2b5hTGWhfcA88PyeZAJ3Ma"
"248","2RQuyY0nQqKOtzhBhghSGu","1sfTHUBg3CWHk2cU3Mle9S"
"249","2RQuyY0nQqKOtzhBhghSGu","6ioaRkg9SnP8mC2NP7Z2rB"
"250","2RQuyY0nQqKOtzhBhghSGu","2X84rq2QtQimpEoY6Ms7JE"
"251","2RQuyY0nQqKOtzhBhghSGu","5Npr4HpRE8YlsisRjN9T8h"
"252","2RQuyY0nQqKOtzhBhghSGu","0aBEiafPqEJ3o0yp6gFsHg"
"253","2RQuyY0nQqKOtzhBhghSGu","4IPDnwurwc0J2tXUty2hO4"
"254","2RQuyY0nQqKOtzhBhghSGu","76NkugbfY4BcWwrdxsahhm"
"255","2RQuyY0nQqKOtzhBhghSGu","1YYXyn4etM5oe9RnJe3Mvg"
"256","2RQuyY0nQqKOtzhBhghSGu","3FmTlY1F9dQyRursrsUaU7"
"257","2RQuyY0nQqKOtzhBhghSGu","4S2kddUZy77NYpLH50f3qC"
"258","2RQuyY0nQqKOtzhBhghSGu","2sn2g4lNGlsAoJm15MOM7x"
"259","2RQuyY0nQqKOtzhBhghSGu","5Y6wPwVr2krTASRASpMLsC"
"260","2RQuyY0nQqKOtzhBhghSGu","76EaAz0oJVx8IbnUbDOPmD"
"261","0aBEiafPqEJ3o0yp6gFsHg","09ZFZmc7XNCwnDYB3R48qr"
"262","0aBEiafPqEJ3o0yp6gFsHg","2b5hTGWhfcA88PyeZAJ3Ma"
"263","0aBEiafPqEJ3o0yp6gFsHg","7vjDp4O4hkJGI6VRV5zUWS"
"264","0aBEiafPqEJ3o0yp6gFsHg","6ioaRkg9SnP8mC2NP7Z2rB"
"265","0aBEiafPqEJ3o0yp6gFsHg","4S2kddUZy77NYpLH50f3qC"
"266","0aBEiafPqEJ3o0yp6gFsHg","1YYXyn4etM5oe9RnJe3Mvg"
"267","0aBEiafPqEJ3o0yp6gFsHg","6JhsZANOSVD2dnJt1ZHr3z"
"268","0aBEiafPqEJ3o0yp6gFsHg","1sfTHUBg3CWHk2cU3Mle9S"
"269","0aBEiafPqEJ3o0yp6gFsHg","3x8RBu8okCCBLi5vnY4UyV"
"270","0aBEiafPqEJ3o0yp6gFsHg","7hueZY91Csxv57p4KnPVcU"
"271","0aBEiafPqEJ3o0yp6gFsHg","0oLmGtqMpKAAVNJyJ71AcI"
"272","0aBEiafPqEJ3o0yp6gFsHg","2RQuyY0nQqKOtzhBhghSGu"
"273","0aBEiafPqEJ3o0yp6gFsHg","4IPDnwurwc0J2tXUty2hO4"
"274","0aBEiafPqEJ3o0yp6gFsHg","2sn2g4lNGlsAoJm15MOM7x"
"275","0aBEiafPqEJ3o0yp6gFsHg","2BalmJSc5QUI9SrP8ZZnJG"
"276","0aBEiafPqEJ3o0yp6gFsHg","2X84rq2QtQimpEoY6Ms7JE"
"277","0aBEiafPqEJ3o0yp6gFsHg","4LSgIUOMJoKu4Egt0F6JML"
"278","0aBEiafPqEJ3o0yp6gFsHg","12LgviUQ9DbfYJJ9niDWRq"
"279","0aBEiafPqEJ3o0yp6gFsHg","5kPUAJihniO5WfEfbOCjLf"
"280","0aBEiafPqEJ3o0yp6gFsHg","5HsS48kuvghKcNpwOaAvB5"
"281","4IPDnwurwc0J2tXUty2hO4","09ZFZmc7XNCwnDYB3R48qr"
"282","4IPDnwurwc0J2tXUty2hO4","3qcmjQYtotraA2JrvN8165"
"283","4IPDnwurwc0J2tXUty2hO4","2X84rq2QtQimpEoY6Ms7JE"
"284","4IPDnwurwc0J2tXUty2hO4","2sn2g4lNGlsAoJm15MOM7x"
"285","4IPDnwurwc0J2tXUty2hO4","1YYXyn4etM5oe9RnJe3Mvg"
"286","4IPDnwurwc0J2tXUty2hO4","76EaAz0oJVx8IbnUbDOPmD"
"287","4IPDnwurwc0J2tXUty2hO4","0cchrfenh0m4UpXP0sf7kU"
"288","4IPDnwurwc0J2tXUty2hO4","76NkugbfY4BcWwrdxsahhm"
"289","4IPDnwurwc0J2tXUty2hO4","0aBEiafPqEJ3o0yp6gFsHg"
"290","4IPDnwurwc0J2tXUty2hO4","7hueZY91Csxv57p4KnPVcU"
"291","4IPDnwurwc0J2tXUty2hO4","5kPUAJihniO5WfEfbOCjLf"
"292","4IPDnwurwc0J2tXUty2hO4","2RQuyY0nQqKOtzhBhghSGu"
"293","4IPDnwurwc0J2tXUty2hO4","3FmTlY1F9dQyRursrsUaU7"
"294","4IPDnwurwc0J2tXUty2hO4","0oLmGtqMpKAAVNJyJ71AcI"
"295","4IPDnwurwc0J2tXUty2hO4","7vjDp4O4hkJGI6VRV5zUWS"
"296","4IPDnwurwc0J2tXUty2hO4","6ioaRkg9SnP8mC2NP7Z2rB"
"297","4IPDnwurwc0J2tXUty2hO4","3x8RBu8okCCBLi5vnY4UyV"
"298","4IPDnwurwc0J2tXUty2hO4","56LMX8mqaIhJCaxjZBM1on"
"299","4IPDnwurwc0J2tXUty2hO4","7BXa4EFk4HZJ6IYhRa8spv"
"300","4IPDnwurwc0J2tXUty2hO4","12LgviUQ9DbfYJJ9niDWRq"
"321","2sn2g4lNGlsAoJm15MOM7x","5kPUAJihniO5WfEfbOCjLf"
"322","2sn2g4lNGlsAoJm15MOM7x","3FmTlY1F9dQyRursrsUaU7"
"323","2sn2g4lNGlsAoJm15MOM7x","1YYXyn4etM5oe9RnJe3Mvg"
"324","2sn2g4lNGlsAoJm15MOM7x","7hueZY91Csxv57p4KnPVcU"
"325","2sn2g4lNGlsAoJm15MOM7x","09ZFZmc7XNCwnDYB3R48qr"
"326","2sn2g4lNGlsAoJm15MOM7x","4IPDnwurwc0J2tXUty2hO4"
"327","2sn2g4lNGlsAoJm15MOM7x","3qcmjQYtotraA2JrvN8165"
"328","2sn2g4lNGlsAoJm15MOM7x","0oLmGtqMpKAAVNJyJ71AcI"
"329","2sn2g4lNGlsAoJm15MOM7x","6ioaRkg9SnP8mC2NP7Z2rB"
"330","2sn2g4lNGlsAoJm15MOM7x","0aBEiafPqEJ3o0yp6gFsHg"
"331","2sn2g4lNGlsAoJm15MOM7x","76EaAz0oJVx8IbnUbDOPmD"
"332","2sn2g4lNGlsAoJm15MOM7x","12LgviUQ9DbfYJJ9niDWRq"
"333","2sn2g4lNGlsAoJm15MOM7x","3x8RBu8okCCBLi5vnY4UyV"
"334","2sn2g4lNGlsAoJm15MOM7x","70svT4F0xhbyQ5lQx6UE4b"
"335","2sn2g4lNGlsAoJm15MOM7x","2RQuyY0nQqKOtzhBhghSGu"
"336","2sn2g4lNGlsAoJm15MOM7x","7Dk3koHTPpEymzuWOWzzny"
"337","2sn2g4lNGlsAoJm15MOM7x","6JhsZANOSVD2dnJt1ZHr3z"
"338","2sn2g4lNGlsAoJm15MOM7x","4BMv5TsBZ1EJ4uynEp2vI0"
"339","2sn2g4lNGlsAoJm15MOM7x","56LMX8mqaIhJCaxjZBM1on"
"340","2sn2g4lNGlsAoJm15MOM7x","5nU57S2m2i7gWujCtGKmAb"
"341","2b5hTGWhfcA88PyeZAJ3Ma","09ZFZmc7XNCwnDYB3R48qr"
"342","2b5hTGWhfcA88PyeZAJ3Ma","1sfTHUBg3CWHk2cU3Mle9S"
"343","2b5hTGWhfcA88PyeZAJ3Ma","0aBEiafPqEJ3o0yp6gFsHg"
"344","2b5hTGWhfcA88PyeZAJ3Ma","2X84rq2QtQimpEoY6Ms7JE"
"345","2b5hTGWhfcA88PyeZAJ3Ma","2RQuyY0nQqKOtzhBhghSGu"
"346","2b5hTGWhfcA88PyeZAJ3Ma","4S2kddUZy77NYpLH50f3qC"
"347","2b5hTGWhfcA88PyeZAJ3Ma","7vjDp4O4hkJGI6VRV5zUWS"
"348","2b5hTGWhfcA88PyeZAJ3Ma","2aV2zINHEpRvHLmXl8AaRO"
"349","2b5hTGWhfcA88PyeZAJ3Ma","7hueZY91Csxv57p4KnPVcU"
"350","2b5hTGWhfcA88PyeZAJ3Ma","0oLmGtqMpKAAVNJyJ71AcI"
"351","2b5hTGWhfcA88PyeZAJ3Ma","6JhsZANOSVD2dnJt1ZHr3z"
"352","2b5hTGWhfcA88PyeZAJ3Ma","3FmTlY1F9dQyRursrsUaU7"
"353","2b5hTGWhfcA88PyeZAJ3Ma","76EaAz0oJVx8IbnUbDOPmD"
"354","2b5hTGWhfcA88PyeZAJ3Ma","6ioaRkg9SnP8mC2NP7Z2rB"
"355","2b5hTGWhfcA88PyeZAJ3Ma","1YYXyn4etM5oe9RnJe3Mvg"
"356","2b5hTGWhfcA88PyeZAJ3Ma","3x8RBu8okCCBLi5vnY4UyV"
"357","2b5hTGWhfcA88PyeZAJ3Ma","5Npr4HpRE8YlsisRjN9T8h"
"358","2b5hTGWhfcA88PyeZAJ3Ma","4IPDnwurwc0J2tXUty2hO4"
"359","2b5hTGWhfcA88PyeZAJ3Ma","76NkugbfY4BcWwrdxsahhm"
"360","2b5hTGWhfcA88PyeZAJ3Ma","5HsS48kuvghKcNpwOaAvB5"
"361","5zoKOcTDI9EMOhGNaxL708","73iWh9WUMf0xK6cRkNJK4h"
"362","5zoKOcTDI9EMOhGNaxL708","1YwfENKEZrowcmtR1nALZn"
"363","5zoKOcTDI9EMOhGNaxL708","714osTgzZrkyf3SGjggpfY"
"364","5zoKOcTDI9EMOhGNaxL708","4wQ3PyMz3WwJGI5uEqHUVR"
"365","5zoKOcTDI9EMOhGNaxL708","0yDmbRjVTQsQd3OnMs5s3I"
"366","5zoKOcTDI9EMOhGNaxL708","5rX1EodZfwxmW4fQX2Caot"
"367","5zoKOcTDI9EMOhGNaxL708","1riHqX633Kup3mJAw8WR8p"
"368","5zoKOcTDI9EMOhGNaxL708","0ZIwOAzDuGPspzK7yiTc4S"
"369","5zoKOcTDI9EMOhGNaxL708","54SHZF2YS3W87xuJKSvOVf"
"370","5zoKOcTDI9EMOhGNaxL708","2SNzxY1OsSCHBLVi77mpPQ"
"371","5zoKOcTDI9EMOhGNaxL708","5krkohEVJYw0qoB5VWwxaC"
"372","5zoKOcTDI9EMOhGNaxL708","2gFsmDBM0hkoZPmrO5EdyO"
"373","5zoKOcTDI9EMOhGNaxL708","3keUIwmPM4awpPxiy9ZQ1m"
"374","5zoKOcTDI9EMOhGNaxL708","5Ws3s6lSP4Un8kQf8CrAta"
"375","5zoKOcTDI9EMOhGNaxL708","1xJPYI7GXasA3ariMSftPq"
"376","5zoKOcTDI9EMOhGNaxL708","7C1Wl8H93z5X5UqD8fNE94"
"377","5zoKOcTDI9EMOhGNaxL708","7jWpE4ZlClMpc0Kr5xSX34"
"378","5zoKOcTDI9EMOhGNaxL708","0MAvx5yzdhylg2ztJC3MD3"
"379","5zoKOcTDI9EMOhGNaxL708","2gCsNOpiBaMNh20jQ5prf0"
"380","5zoKOcTDI9EMOhGNaxL708","7lEokLkF9CWjEBogNWcV69"
"381","5rX1EodZfwxmW4fQX2Caot","2SNzxY1OsSCHBLVi77mpPQ"
"382","5rX1EodZfwxmW4fQX2Caot","1riHqX633Kup3mJAw8WR8p"
"383","5rX1EodZfwxmW4fQX2Caot","76EaAz0oJVx8IbnUbDOPmD"
"384","5rX1EodZfwxmW4fQX2Caot","3ODYbknLzVe3cWQzVfbzGB"
"385","5rX1EodZfwxmW4fQX2Caot","6eMlKSBFAoXVJLoeHmwKEj"
"386","5rX1EodZfwxmW4fQX2Caot","3qcmjQYtotraA2JrvN8165"
"387","5rX1EodZfwxmW4fQX2Caot","2gCsNOpiBaMNh20jQ5prf0"
"388","5rX1EodZfwxmW4fQX2Caot","2mwN5WQ1mAhOibFEbfFfsG"
"389","5rX1EodZfwxmW4fQX2Caot","5Ws3s6lSP4Un8kQf8CrAta"
"390","5rX1EodZfwxmW4fQX2Caot","1uFixbBAduJkFAeRKznkvW"
"391","5rX1EodZfwxmW4fQX2Caot","7C1CFA2GWGFc51SrvX5Bvy"
"392","5rX1EodZfwxmW4fQX2Caot","12LgviUQ9DbfYJJ9niDWRq"
"393","5rX1EodZfwxmW4fQX2Caot","2ODUxmFxJSyvGiimNhMHbO"
"394","5rX1EodZfwxmW4fQX2Caot","6iDaoPZVgxrTkndDCisX8F"
"395","5rX1EodZfwxmW4fQX2Caot","4BMv5TsBZ1EJ4uynEp2vI0"
"396","5rX1EodZfwxmW4fQX2Caot","4gPGI1vW8TOypARV9Ykzae"
"397","5rX1EodZfwxmW4fQX2Caot","5fsDcuclIe8ZiBD5P787K1"
"398","5rX1EodZfwxmW4fQX2Caot","56LMX8mqaIhJCaxjZBM1on"
"399","5rX1EodZfwxmW4fQX2Caot","6ioaRkg9SnP8mC2NP7Z2rB"
"400","5rX1EodZfwxmW4fQX2Caot","7Chzu4eSaqDHFXFvjaycAV"
"401","1pmIo6ASaJG24wmYoyxjwG","1TQtbRQbaXw5CeN3mC0DJH"
"402","1pmIo6ASaJG24wmYoyxjwG","6PdVgi27EMfFXV5lSH6wEW"
"403","1pmIo6ASaJG24wmYoyxjwG","3azQ4yZ4Dt6hPbyNeOOMLN"
"404","1pmIo6ASaJG24wmYoyxjwG","6iDaoPZVgxrTkndDCisX8F"
"405","1pmIo6ASaJG24wmYoyxjwG","471Ycbmda1lAuLMscQvxMR"
"406","1pmIo6ASaJG24wmYoyxjwG","6hkNj3GAqFbkEUCs3R1dY3"
"407","1pmIo6ASaJG24wmYoyxjwG","288ptwBqLrqmD6Z2622eLp"
"408","1pmIo6ASaJG24wmYoyxjwG","5Y1mtkFXBCx0dyL93Wt54T"
"409","1pmIo6ASaJG24wmYoyxjwG","1aTDTChWWyiJH3SEnYrdVp"
"410","1pmIo6ASaJG24wmYoyxjwG","1TJ9XdOFUqlSduhAVV7YfR"
"411","1pmIo6ASaJG24wmYoyxjwG","3enRG6NEAfCkJI2muGcnT1"
"412","1pmIo6ASaJG24wmYoyxjwG","7MGPOWrHHrTJcviOWNbKEF"
"413","1pmIo6ASaJG24wmYoyxjwG","6EZzVXM2uDRPmnHWq9yPDE"
"414","1pmIo6ASaJG24wmYoyxjwG","2uNcfNhlVJUyEX0t0NG1m1"
"415","1pmIo6ASaJG24wmYoyxjwG","0elA30wLp3RmiPaGtU2jhQ"
"416","1pmIo6ASaJG24wmYoyxjwG","5MPJKwuEzyWgfueKrogllD"
"417","1pmIo6ASaJG24wmYoyxjwG","5kO4xdEKLuHHHPreu3UmkZ"
"418","1pmIo6ASaJG24wmYoyxjwG","0q9kpdDkEA3H17gcRMjgVS"
"419","1pmIo6ASaJG24wmYoyxjwG","6eMlKSBFAoXVJLoeHmwKEj"
"420","1pmIo6ASaJG24wmYoyxjwG","1h0hOL3bVcYlg4xcSjU7fP"
"421","09ZFZmc7XNCwnDYB3R48qr","0aBEiafPqEJ3o0yp6gFsHg"
"422","09ZFZmc7XNCwnDYB3R48qr","2b5hTGWhfcA88PyeZAJ3Ma"
"423","09ZFZmc7XNCwnDYB3R48qr","2RQuyY0nQqKOtzhBhghSGu"
"424","09ZFZmc7XNCwnDYB3R48qr","2X84rq2QtQimpEoY6Ms7JE"
"425","09ZFZmc7XNCwnDYB3R48qr","1sfTHUBg3CWHk2cU3Mle9S"
"426","09ZFZmc7XNCwnDYB3R48qr","76NkugbfY4BcWwrdxsahhm"
"427","09ZFZmc7XNCwnDYB3R48qr","6JhsZANOSVD2dnJt1ZHr3z"
"428","09ZFZmc7XNCwnDYB3R48qr","0oLmGtqMpKAAVNJyJ71AcI"
"429","09ZFZmc7XNCwnDYB3R48qr","7vjDp4O4hkJGI6VRV5zUWS"
"430","09ZFZmc7XNCwnDYB3R48qr","4IPDnwurwc0J2tXUty2hO4"
"431","09ZFZmc7XNCwnDYB3R48qr","1YYXyn4etM5oe9RnJe3Mvg"
"432","09ZFZmc7XNCwnDYB3R48qr","2sn2g4lNGlsAoJm15MOM7x"
"433","09ZFZmc7XNCwnDYB3R48qr","4S2kddUZy77NYpLH50f3qC"
"434","09ZFZmc7XNCwnDYB3R48qr","5pkhxmu1dRZWAmH082zLkN"
"435","09ZFZmc7XNCwnDYB3R48qr","7hueZY91Csxv57p4KnPVcU"
"436","09ZFZmc7XNCwnDYB3R48qr","3x8RBu8okCCBLi5vnY4UyV"
"437","09ZFZmc7XNCwnDYB3R48qr","6ioaRkg9SnP8mC2NP7Z2rB"
"438","09ZFZmc7XNCwnDYB3R48qr","2aV2zINHEpRvHLmXl8AaRO"
"439","09ZFZmc7XNCwnDYB3R48qr","4LSgIUOMJoKu4Egt0F6JML"
"440","09ZFZmc7XNCwnDYB3R48qr","76EaAz0oJVx8IbnUbDOPmD"
"441","3FmTlY1F9dQyRursrsUaU7","5kPUAJihniO5WfEfbOCjLf"
"442","3FmTlY1F9dQyRursrsUaU7","7hueZY91Csxv57p4KnPVcU"
"443","3FmTlY1F9dQyRursrsUaU7","2sn2g4lNGlsAoJm15MOM7x"
"444","3FmTlY1F9dQyRursrsUaU7","76EaAz0oJVx8IbnUbDOPmD"
"445","3FmTlY1F9dQyRursrsUaU7","0oLmGtqMpKAAVNJyJ71AcI"
"446","3FmTlY1F9dQyRursrsUaU7","1YYXyn4etM5oe9RnJe3Mvg"
"447","3FmTlY1F9dQyRursrsUaU7","12LgviUQ9DbfYJJ9niDWRq"
"448","3FmTlY1F9dQyRursrsUaU7","6ioaRkg9SnP8mC2NP7Z2rB"
"449","3FmTlY1F9dQyRursrsUaU7","2X84rq2QtQimpEoY6Ms7JE"
"450","3FmTlY1F9dQyRursrsUaU7","4IPDnwurwc0J2tXUty2hO4"
"451","3FmTlY1F9dQyRursrsUaU7","3x8RBu8okCCBLi5vnY4UyV"
"452","3FmTlY1F9dQyRursrsUaU7","2RQuyY0nQqKOtzhBhghSGu"
"453","3FmTlY1F9dQyRursrsUaU7","2b5hTGWhfcA88PyeZAJ3Ma"
"454","3FmTlY1F9dQyRursrsUaU7","09ZFZmc7XNCwnDYB3R48qr"
"455","3FmTlY1F9dQyRursrsUaU7","3qcmjQYtotraA2JrvN8165"
"456","3FmTlY1F9dQyRursrsUaU7","0aBEiafPqEJ3o0yp6gFsHg"
"457","3FmTlY1F9dQyRursrsUaU7","76NkugbfY4BcWwrdxsahhm"
"458","3FmTlY1F9dQyRursrsUaU7","1sfTHUBg3CWHk2cU3Mle9S"
"459","3FmTlY1F9dQyRursrsUaU7","3C0ppkCJLxigPlyVEzRghR"
"460","3FmTlY1F9dQyRursrsUaU7","5nU57S2m2i7gWujCtGKmAb"
"461","0L6Gwm0JDrgIQJfjarWSUR","3aBkeBhwadnWMWoVJ2CxJC"
"462","0L6Gwm0JDrgIQJfjarWSUR","7FgMLbnZVrEnir95O0YujA"
"463","0L6Gwm0JDrgIQJfjarWSUR","3Ngh2zDBRPEriyxQDAMKd1"
"464","0L6Gwm0JDrgIQJfjarWSUR","7m60UAnbgFFNuJbmS6OxTk"
"465","0L6Gwm0JDrgIQJfjarWSUR","0ekbDNE2eOq8QiaXM34wer"
"466","0L6Gwm0JDrgIQJfjarWSUR","6Hizgjo92FnMp8wGaRUNTn"
"467","0L6Gwm0JDrgIQJfjarWSUR","3FUY2gzHeIiaesXtOAdB7A"
"468","0L6Gwm0JDrgIQJfjarWSUR","3AO6RTDA16mg8czQI5Y9K0"
"469","0L6Gwm0JDrgIQJfjarWSUR","7n3r1FC137xLzQd3P4WzPv"
"470","0L6Gwm0JDrgIQJfjarWSUR","2sil8z5kiy4r76CRTXxBCA"
"471","0L6Gwm0JDrgIQJfjarWSUR","4NGiEU3Pkd8ASRyQR30jcA"
"472","0L6Gwm0JDrgIQJfjarWSUR","4W4gYpQ2AQq7US2HZS13Qw"
"473","0L6Gwm0JDrgIQJfjarWSUR","3C4t1usFGoKHCSRdujm2GN"
"474","0L6Gwm0JDrgIQJfjarWSUR","306JHpIRGVaQd6OltnOzUO"
"475","0L6Gwm0JDrgIQJfjarWSUR","4TROLx8HvrnfGGNo2ngL2N"
"476","0L6Gwm0JDrgIQJfjarWSUR","1YIpZOfyHXMUgUaxxxgbaC"
"477","0L6Gwm0JDrgIQJfjarWSUR","3KEb1kbIZN5jumsjFEWgSW"
"478","0L6Gwm0JDrgIQJfjarWSUR","08ct2eZF5lUPdJpHwNKWof"
"479","0L6Gwm0JDrgIQJfjarWSUR","0vEsuISMWAKNctLlUAhSZC"
"480","0L6Gwm0JDrgIQJfjarWSUR","0hEurMDQu99nJRq8pTxO14"
"481","0QnRd6i7Da4louZggkoFrg","4S2kddUZy77NYpLH50f3qC"
"482","0QnRd6i7Da4louZggkoFrg","09ZFZmc7XNCwnDYB3R48qr"
"483","0QnRd6i7Da4louZggkoFrg","6JhsZANOSVD2dnJt1ZHr3z"
"484","0QnRd6i7Da4louZggkoFrg","0aBEiafPqEJ3o0yp6gFsHg"
"485","0QnRd6i7Da4louZggkoFrg","1sfTHUBg3CWHk2cU3Mle9S"
"486","0QnRd6i7Da4louZggkoFrg","2aV2zINHEpRvHLmXl8AaRO"
"487","0QnRd6i7Da4louZggkoFrg","2RQuyY0nQqKOtzhBhghSGu"
"488","0QnRd6i7Da4louZggkoFrg","2b5hTGWhfcA88PyeZAJ3Ma"
"489","0QnRd6i7Da4louZggkoFrg","3x8RBu8okCCBLi5vnY4UyV"
"490","0QnRd6i7Da4louZggkoFrg","6CKsSefAf4rhCQnrEmygFX"
"491","0QnRd6i7Da4louZggkoFrg","7vjDp4O4hkJGI6VRV5zUWS"
"492","0QnRd6i7Da4louZggkoFrg","5HsS48kuvghKcNpwOaAvB5"
"493","0QnRd6i7Da4louZggkoFrg","5Npr4HpRE8YlsisRjN9T8h"
"494","0QnRd6i7Da4louZggkoFrg","7sWyOeXUrP1kjwTgdJVmfZ"
"495","0QnRd6i7Da4louZggkoFrg","2X84rq2QtQimpEoY6Ms7JE"
"496","0QnRd6i7Da4louZggkoFrg","0oLmGtqMpKAAVNJyJ71AcI"
"497","0QnRd6i7Da4louZggkoFrg","4DmwbBRm8wbWYE2Z8piOuY"
"498","0QnRd6i7Da4louZggkoFrg","5pkhxmu1dRZWAmH082zLkN"
"499","0QnRd6i7Da4louZggkoFrg","1UYl4IAV2NBJdJDiL3TRtK"
"500","0QnRd6i7Da4louZggkoFrg","6ioaRkg9SnP8mC2NP7Z2rB"
"501","4DmwbBRm8wbWYE2Z8piOuY","6CKsSefAf4rhCQnrEmygFX"
"502","4DmwbBRm8wbWYE2Z8piOuY","41pVrfBHX3NMYeT0zaWzju"
"503","4DmwbBRm8wbWYE2Z8piOuY","5Npr4HpRE8YlsisRjN9T8h"
"504","4DmwbBRm8wbWYE2Z8piOuY","4S2kddUZy77NYpLH50f3qC"
"505","4DmwbBRm8wbWYE2Z8piOuY","7hueZY91Csxv57p4KnPVcU"
"506","4DmwbBRm8wbWYE2Z8piOuY","2RQuyY0nQqKOtzhBhghSGu"
"507","4DmwbBRm8wbWYE2Z8piOuY","3x8RBu8okCCBLi5vnY4UyV"
"508","4DmwbBRm8wbWYE2Z8piOuY","2b5hTGWhfcA88PyeZAJ3Ma"
"509","4DmwbBRm8wbWYE2Z8piOuY","6ioaRkg9SnP8mC2NP7Z2rB"
"510","4DmwbBRm8wbWYE2Z8piOuY","3FmTlY1F9dQyRursrsUaU7"
"511","4DmwbBRm8wbWYE2Z8piOuY","1sfTHUBg3CWHk2cU3Mle9S"
"512","4DmwbBRm8wbWYE2Z8piOuY","0aBEiafPqEJ3o0yp6gFsHg"
"513","4DmwbBRm8wbWYE2Z8piOuY","2sn2g4lNGlsAoJm15MOM7x"
"514","4DmwbBRm8wbWYE2Z8piOuY","6JhsZANOSVD2dnJt1ZHr3z"
"515","4DmwbBRm8wbWYE2Z8piOuY","09ZFZmc7XNCwnDYB3R48qr"
"516","4DmwbBRm8wbWYE2Z8piOuY","12LgviUQ9DbfYJJ9niDWRq"
"517","4DmwbBRm8wbWYE2Z8piOuY","0oLmGtqMpKAAVNJyJ71AcI"
"518","4DmwbBRm8wbWYE2Z8piOuY","3C0ppkCJLxigPlyVEzRghR"
"519","4DmwbBRm8wbWYE2Z8piOuY","1YYXyn4etM5oe9RnJe3Mvg"
"520","4DmwbBRm8wbWYE2Z8piOuY","7sWyOeXUrP1kjwTgdJVmfZ"
"601","2SNzxY1OsSCHBLVi77mpPQ","5rX1EodZfwxmW4fQX2Caot"
"602","2SNzxY1OsSCHBLVi77mpPQ","2ODUxmFxJSyvGiimNhMHbO"
"603","2SNzxY1OsSCHBLVi77mpPQ","76EaAz0oJVx8IbnUbDOPmD"
"604","2SNzxY1OsSCHBLVi77mpPQ","0AD4odMWVQ2wUSlgxOB5Rl"
"605","2SNzxY1OsSCHBLVi77mpPQ","5fsDcuclIe8ZiBD5P787K1"
"606","2SNzxY1OsSCHBLVi77mpPQ","2gCsNOpiBaMNh20jQ5prf0"
"607","2SNzxY1OsSCHBLVi77mpPQ","7C1CFA2GWGFc51SrvX5Bvy"
"608","2SNzxY1OsSCHBLVi77mpPQ","5dCuFngSPyOOnTAvrC7v2s"
"609","2SNzxY1OsSCHBLVi77mpPQ","12LgviUQ9DbfYJJ9niDWRq"
"610","2SNzxY1OsSCHBLVi77mpPQ","1riHqX633Kup3mJAw8WR8p"
"611","2SNzxY1OsSCHBLVi77mpPQ","2mwN5WQ1mAhOibFEbfFfsG"
"612","2SNzxY1OsSCHBLVi77mpPQ","2ScuQMRWThcifBRIvNDFDC"
"613","2SNzxY1OsSCHBLVi77mpPQ","6eMlKSBFAoXVJLoeHmwKEj"
"614","2SNzxY1OsSCHBLVi77mpPQ","0augulkuXFx1qPfb590w2C"
"615","2SNzxY1OsSCHBLVi77mpPQ","1kcWyDvrlPUbyxkIoM6pAV"
"616","2SNzxY1OsSCHBLVi77mpPQ","1uFixbBAduJkFAeRKznkvW"
"617","2SNzxY1OsSCHBLVi77mpPQ","55bGuHb50r5c0PeqqMeNBV"
"618","2SNzxY1OsSCHBLVi77mpPQ","0MAvx5yzdhylg2ztJC3MD3"
"619","2SNzxY1OsSCHBLVi77mpPQ","3qcmjQYtotraA2JrvN8165"
"620","2SNzxY1OsSCHBLVi77mpPQ","6ioaRkg9SnP8mC2NP7Z2rB"
